L(45,134)(30,112)
L(170,134)(30,497)
L(235,134)(30,167)
L(300,134)(30,497)
L(425,134)(30,497)
L(550,134)(30,222)
P(40,135)(545,5)
BT(205,134)(85,25)
BT(335,134)(85,25)
BT(460,134)(85,25)

L(105,244)(30,277)
L(360,244)(30,167)
P(40,245)(170,5)
P(290,245)(295,5)
T(80,244)(85,25)
BL(335,244)(85,25)
BL(460,244)(85,25)

P(165,300)(165,5)

L(45,354)(30,277)
L(490,354)(30,277)
P(40,355)(160,5)
P(415,355)(170,5)
BL(80,354)(85,25)
BM(460,354)(85,25)

P(165,410)(290,5)
BL(205,409)(85,25)
BM(335,409)(85,25)

L(550,464)(30,167)
P(420,465)(165,5)
BB(460,464)(85,25)

P(40,520)(415,5)
BM(80,519)(85,25)
BM(205,519)(85,25)
E0(45,519)(50,50)

P(40,630)(535,5)
BB(80,629)(85,25)
BB(205,629)(85,25)
BB(335,629)(85,25)

F(70,785)(100,20)
F(200,785)(100,20)
F(325,785)(100,20)
F(450,785)(100,20)