P(40,135)(545,5)
P(40,190)(290,5)
P(40,245)(160,5)
P(290,245)(295,5)
P(165,300)(165,5)
P(415,300)(165,5)
P(40,355)(545,5)
P(290,410)(165,5)
P(165,465)(165,5)
P(290,520)(165,5)
P(165,575)(295,5)
P(290,690)(45,5)

L(45,134)(30,222)
L(110,134)(30,222)
L(175,134)(30,222)
L(240,134)(30,442)
L(305,134)(30,557)
L(370,134)(30,442)
L(435,134)(30,222)
L(500,134)(30,222)
L(565,134)(30,222)

BT(80,134)(85,25)
BT(205,134)(85,25)
BT(330,134)(85,25)
BT(460,134)(85,25)

BL(80,189)(85,25)
BC(205,189)(85,25)

BC(80,244)(85,25)
BL(460,244)(85,25)

BL(205,299)(85,25)
BC(460,299)(85,25)

BB(80,354)(85,25)
BB(460,354)(85,25)

BC(330,409)(85,25)

BL(330,519)(85,25)

BB(205,574)(85,25)
BB(330,574)(85,25)

F(70,600)(100,20)
F(195,765)(100,20)
F(320,765)(100,20)
F(450,600)(100,20)