P(40,135)(545,5)
P(40,190)(545,5)
P(40,245)(290,5)
P(415,245)(165,5)
P(40,300)(545,5)
P(165,410)(295,5)
P(40,520)(165,5)
P(40,575)(165,5)
P(40,630)(165,5)
P(415,520)(165,5)
P(415,575)(165,5)
P(415,630)(165,5)
P(165,685)(295,5)
P(165,740)(295,5)

L(50,134)(30,167)
L(180,134)(30,112)
L(235,134)(30,57)
L(360,134)(30,57)
L(545,134)(30,167)

L(305,189)(30,222)
L(425,189)(30,112)

L(235,244)(30,167)

L(180,299)(30,442)

L(425,409)(30,332)

L(50,519)(30,112)
L(545,519)(30,112)

BT(80,134)(80,25)
BT(210,134)(80,25)
BT(335,134)(80,25)
BT(455,134)(80,25)

BM(210,189)(80,25)
BM(335,189)(80,25)

BM(80,244)(80,25)
BM(455,244)(80,25)

BB(80,299)(80,25)
BB(210,299)(80,25)
BB(335,299)(80,25)
BB(455,299)(80,25)

BT(80,519)(80,25)
BT(455,519)(80,25)

BM(80,574)(80,25)
BM(455,574)(80,25)

BB(80,629)(80,25)
BB(455,629)(80,25)

F(75,430)(100,20)
F(450,430)(100,20)
F(205,595)(100,20)
F(330,595)(100,20)
F(75,760)(100,20)
F(450,760)(100,20)

S(330,709)(30,30)
S1(230,709)(30,30)
S2(350,709)(30,30)
SE(535,104)(30,30)